(high) (low)
135.09	117.16
161.09	138.03
193.31	179.01
231.97	214.97
277.38	202
227.83	185
193.8	176.11
190.3	171.98
190.81	181.8
189.49	173.2
188.3	178.92
216.8	178.16
207.61	198.12
206.05	197.41
212	197.2
203.01	195.68
206.89	195.3
203.6	197.98
207.97	198.57
200.98	191
222	193.88
210.38	201.51
225	202
270	217.01
310.99	261.01
327.61	267.09
340.5	302
309.44	290
322	298
328.88	297
333.8	314
321.9	270.99
277	255.34
290	263.12
289.99	279.04
300.25	279.98
298.13	278.66
283.4	270
294.89	275.81
317.97	281.45
319.98	304.66
362.9	305
329.6	313.4
346.62	317.36
347	328.58
348.68	331.01
360.5	334.23
343.86	324.91
364.99	326.67
325.46	311.32
332.18	315
319.93	303.88
308.45	296.02
306	296.51
301.58	294.06
308.5	291.87
311.17	301.68
311.85	302
310.22	296
314.79	305.91
312.85	305.8
316.88	297.89
309.99	303.33
309.9	285
284.66	263.65
268.99	256.37
260.78	251
261.68	252.47
264.9	251
262.88	256.5
260.38	250.2
255.78	244.83
290.02	252.08
283.99	275.99
292.65	277.33
